'3⁰9

1551155 0515555555551555 5511, 551555 mit 155 1551 555555515515155
5155555 551551155555 1155155555515 15 1555151553 515555 und 51551
1555555555 115155155555 5151, 555555 zu verfnhron 551, 5155555155
55515555155155555511155 mit 551555515555155, 551555 5155155555515
155155555155555 8155155 55155555 55115555 5551555555 151.

51555 55 5155 551155 551151551515555555055555515555555155 ·

55 51555 151155 55155155155 511515115555 veroin 5551515· 551115, 55
551 115 5551311555 1153155555 15515115 55155 1151115555 155 05155551515155
551 55155 1155153555 51155 15 851555515555555155155511151555 8551551
zu 555151155. Ee 551551 551555· 1155155553, 1555 115 155 1151551551 55
155 555555555155 855515 551551155155 0515555555551555 1555 1551555155
9551155155 5555 155 1515555555 55555155 11551155555555 1555551555
5555155151 5151.
555115, 155 27. December 1858. ¹
1155 51151515· 155 5515155555 515. 555515555551155 Α
v. Bethmann-Hollweg. ’

’ (1155155151. sardio gen. 'Untorrichts-verwaltung im 5551115555 ,151-
15555 5555553. von 811511, (155. ob. Regem 515. 1855. 55511555. ’
8. 2861.Ρ55555. 515515-15551955 18511115. 151 Β. 1201.) , ’

8. 51151515515155555151 55 115 1155131. 1153155553 zu N. 5515511551 115
1551511555 5551111515155595551115555 6555555151155551 05155 an ¹
1155555155-85151555 . ’

8511 5151555155555 gibt 515515 1551555155 8155155155 155155-
lnngdm 55551555 5551, 155 [1515551551155151551155555 5515115555155551
5153551555 5515155555 (1555555555551155, 155555551555 155 5555555515]
»5555585551555555155511 vom 05155 51 matrem 1515555555 551555-
155555. 111535551553 5515555 555515555551555 55 Ρ51551-115155515515-
555151155 15151, 555511 155 11555551 ’155 ’815515-11551515 55511551 vird,
5515555551551; 155535555111515555, ob 115551555 5555 55 111551-
neuen 55155555555 515555155555155 515 [5555515555 5555515111555155
515555, 5555355551551155515555555 1555555553 gegeben. Von 155
511515155155 3515115155 515. 55355555551155 151 1155515555 55155155]
25555551 1856 55355551 5515555155 worden, 55551 fulgendo 1555-
555355 5555555551 3555555 5151. ’“

lm 55555551555515555 nur 551555155555555 5515555151155 55
11551555555155551555555155 5555155 werden, 5551555155] 155555155555
omniun-Verbum 5555511555, 1555055115551155 zu 515551155115555
85551551555555511155555515 555535515555 55555, 5155 55155 115 ’55151551
15585551555155555 5155 1555551555 und 115 55555 55151551 1551155151.
1153155555 5151155, 551 15555 55551555555 (15555555 5111515155 5155
5555555155. 1115 armen 855515555551555 5151 15 (1551555511 155 81515155
155 0555555155555511,1155555515515555355 ιιι 55511355, 5555 515151 ¹

 

