111

1111111111111111 11ι 1111111 111 1111111111 111 1111111 1111111111
(1. 1111) 1), 11111111101111111Χ1.11111 311111111111111111111
(1 1708)1.)

111 11111111 11118.111ι11111111 1111 111111 1111111111111111
111111111111111, welches 11111 11111111111111 1111119111111111
1111111111 9111119111 11111111 11111111ίεί1. 111 111 11111111 111
grueter 1111111111111 ¹Leben (11ι 111111111111 1111111 1111111111. ms
“ (11111 11111 1111 ,111111 1111111111 111111111111111 1111111 rond 1111
1111111111 umbone-und 11111111 111 1111111111113111118111111111111
111111111111111111111 hvrvorgebrnohn jetzt verlor 111 1111111111
1111111111 11111111 11111 1111111111 111111 011111111111111111111
1111111111 11111 1111 (111 11111111111111111111. 11111 111· (111111
1111111 1111111111111111111, 1111 11111131 (111111 (11ιΜ11111
1111111111 11111 111, zu (11111111 111111Η1111111, 111111 1111111111
111111111111111111111111111111,111111111111, 1111 11· 11111 Luat
11111· 111, 1111111 11111111 111 1111111113, 11 111 1111111111111111
melundas 111111 1111111111111111111, 1111 111111 gans 11 1111
11111111 ’1111111 11111111, 1111111111 11111111 111111111111111111
Memnon 1111111111, (1111 11111111 1111111111111111 11111111εεί1,
1111111113» ja 1111111111 1111111111, 1111 111 1111111 (111 1111 1111111
1111 1111111111 1111111111 sein. Η11111 soll 111111111111111111111-
minderung 1111 11111111111111111111 111 1131111111 111 1111111151
1111111111 1111111111111111 11111111 1111111 gesngt 1111, dass 11111 111
der Mengo (111, 11111131 1111 11111111 111111111111 sich 1111111111111
111111, 111 sehon P. 111111 vm. 1111111111. 1111 (111 (1111111 1111
sagon: 1111 1111, (111 111 11111111111111111 8111 mehr hat und 11111 ,
1111 1111111111113 1111, 1111118111 11111 11111111111111111111 da»,
1111111111, dem 11111 11111111 11111 und 11111 sind und welches
1111 daher 1111111111 nicht will 1111111 1111111), 11111 11 relig-ibam·
11111111111111111111. Mag es immerhin sein, (1111 111116111111
religionen 11111111ςεὶ11 hie 111111 11113111111111 11111113111111,

Μ

1.) 1111111111 X. constitutio 3: „In 11111111. 1011111111. 1111. (11111111111111.
111.111111ιι111.11.11.111.1 1111] 1111111111111111111111111111ιι,ι1 11111111
11111111 11 11111111 11111111 1111 1111111111 war, 1111101111 vm. 11 1111111111-
bulle 1111 1111 1111 der Empfan ngn nlss 111111 11111 11111 1111 1111111111 1111111131
111111111111111,1.111111111111’1 11111111 111. 1 10.

1)011111111111.011111111111101,11111ὶωί1111 10111111111081111111
111. ’1.11. 1100). ·

1) Wio viel 1111111 (111 11111111111111111111111111 111 11111111 zu 111111
msto, 111111111111111111111111101 11111111, 11111111 11111 (11111111 111 der
1111 1111111111 111111 (111 ‘moretum 1111111111 „Reliquas 1111111111111111111
1111111 1111111 11, 1111111111, 111 111111111111 0111. 1, (le 11111111. 1. ·

 

