³⁰ .

21 (1111111111 111111 1111111 1111111111 1111 ¹) 1111 1111111111 &gagen

11111 1111111111 11111011, 111 111 Η1111ι11ιο1 1111 111 1111111111
11111111 11111 111 8111111111,(1111111111 1111111111 111 1111111111-
hommem 11111 1111111111111111111 11 1111111111) 11111 1111111111 ³

111111 11111111 11111111111111111111 1111111111 111111111111111111111
111 Κ111111111.111111111111 1111111118) 1111111( 11111111111111. 8)

0111111 1111 111 111 1111111 (1111111111 1111111111 11111111111111111-

. 11111 1111111 11111 111 11111111111111111 1111 m 1111 111111111111, 1111 1
11 0111111111, 1111111, 111111101111111111, 1111111, 1111111 111 111111-
11111111... augensium 1111111111- 111111111111111111-1111111111111- ξ
1111 zu allgemeinen 111111111111111111 11101111111111111 1110111111 ¹

,1186111111 1111 11111 ιιι 111111 ’1111111 01111111111 111 11111111) 1

111111111111111111111111101111111111118)(111 1111111111111111 3
111 11111111111111111111 1111111 1111)111111111,1111 11111 1111111
111111111111111111111111111111111111111111111111111111111 Bam, 1
1111111111 11111111( 1111111111, 111111, 'frier 1111101111111111111111
11111111111111111 111 111111111111 1111111111 111 11111111υ1, 11
’ 1111111111111111111111111 Μ11111.1) ·

1111111111 111111111111111111111 111 11111 1111111 111111(-
111111 11111111111111 dom Administrntor 111 11111111111111 1111 (111-
111111111111111111) 1111111111111111111111111 11111111. 111111)-

« 11111111111111(111111111111111111) 11111 1111 1111 1111 1111111 111
’0111111111 111 1111111111, 1111, (111 11 Η1111111111ιι, (111 111(
Κ111ιι1111111, 1111, wie 11 11111111, 1111111111 111 fruetus 111111111 1111
dem 1111111 ,,11111111111111111188 bald, (1111111111, 1111 111011-
11111111111111111111111111 11111111111, bald (111 in Wilrttemberg) 11

μ Ι

¹) 81111111. 0.5. 107.

.²) 0 9. 1.(11 111. 01111,1.10,1111111111 11 1711111111. 1111111111
1 2.(11 11111 8111111 111. ’

’ )01111110111110111111111111111852 ,
)1(11..ιιιι...1. ..((,..(111( 1,,..ι.ι(.(11..ι..11111 ¹
01111,Ι 1, 7. 111, 0111, 1111111111. 11. 1. 11, (111110111111. 0111,ι 11 111111.
111111111111111111 111 8111111 S. 171. 11111.19,10. 11111110111111111-
111111111 1. 1711. 111. ’10, 11111111111111. 17091 11, ,
1) 11111111, 1. S. 311. ff, 11111111, 11111111111111 1. 111111111111111111, 111·
111111111111111111111111111111 1111111111) 111. 11111, 0111111111011-
111111 Art. 11111111. 011 111111 0111111111 11111 ι
= )111 1111111111.11101111111111111.111.111.ς.1,·111.1’,11111ι1111
(111 0111111111 8111101111111,1009111111111110,
711. Β. lm 1111111. 111111181111111111 1111101111 0111111111. 1, 1707 1
111.11.111.11,ς.1.11117.
⁸) 11111, 11 07111111 1111111111. 111 1111. „mnus 11111118

 

