· 118

„En 111 1111 1111111 1111111111 1131111111, dm 11111111 111111
011111111111111111111111, 1111 111111111111 (11111111 11111 11111111
111111 zu 1111, 111 1111 11111111 11111 1111111111 111 1113111111
1111111311 111 111 11 111 Η1111111 11111 1111111111, 1111111111 111111-
gegnngenen 1111111 111 11111111 113111111, 1113111111· 1111111111
11111 1111111111 vor 111· 1111111111111 jener 11111111 1151111111, 111
1111 1111111111 1111111111 111131111111 1111111. 1111111 1111111 111111-
1111111 1111111131 werdo, 11111111111111111, 11111118111111111, 11111
11· 1111 11 111 Ehosohuessung 11111 1111 1111111111111111111 Person
11 0111111111 1111111111, 11111111111111113113111111111, 111111111111
1111 111 1111111111 11111 111111111 zur Eingehung 1111111111111111111
111111 111, 11111111111 111111 (1111111111111 1111111111111 1111111111
zur Sehliessnng 111 11111111113111 111 1111111 1111. ’

Die Nothwendigkeit der 11111111111111111111111111 [ibor 111 er·
1111111 1111111111 oder 1111111111 111111 dem Η1111111111111 22. 111-
1111111 1811 (Nn 1118 J. (i. 8.) 1113111111111, 1111111111111111111
durch 111111111111111 Ρ111111111123. Marx und 29. November 1852
(R. (1.1. 11179111216) 1111 vom 29. 1111 1813 (11.1. 111. 91)
auch 1111111 111111 111 11111111111111111111111 111, 1111111111
11111111 nicht 11111111 1111.

1111111111 11111 11 1118111111111, 1111111111 111111111111111111
1111111111 11 01111111111 1111111111 1111 11111111, 11 111111111111111111
” zu 1111111111, 1111111111 1111111111311111, 111 von 1111 111111-
111111111 1111111111 11111111 111 1111111111 0111311111 111 1111111111
111 11111111, zu 11111111 11111111113111, 111111111111, 111111111111
11111 111 111111 11111111111111111111 1111· 111111111111 1111111111

· 11111111111111111 1111111131.

’ ln 11111111111131, 1111111111111111111111111111111111111- 2

nrtlgen Zeugnism 1111 1111111 111111111111111111111111111111·
1111111 111 1111111111 1111 1111111111 1111111 11111, 1111111111 11111111,
11 zur Hintanhaltung 111 Τ11111111 1111111111 gvfflwhter [1111111111
1111111111 1111111111 8111111 111 ,1111111111 *11111 1111111111· 1111111111
111111111111 1111111111111 11111111, 1111111111 11111111111111 1111
worden. 111111 111111 1111111 1111111111 11111111111111111111 111-
gierung mit 1111 1111111 1111111111111111 111111111 1111111111
1856 Ζ. 1911 1111111 11111111 1111111111· 1111 1111111111 1111111111
111111111111 111 111111 1111111111 11111, wem» 1111111111111111111·
1111 11111 1111111111113 11 01111111111 11111 111 11111 1111111 111-
1111111111111111111111 111111111111, 1111 111 11111111111111111111

ministeriellen 111 91111111111111111819111111111 venem Zm'u
111111111111 1111113111. 2 ¹

 

