:⁷8

' mamutnmwtmtnmgnttnttouo
gettren gewisss 11 1111111111 (temtantes, 111111111111111118111111
gegeben 11111111 111111.

Zum 11111111 111111 1111111111 wir 11111 111 111, 1111 111 111
Β. 1011 111 Β. 116 (111 11. 1111111 111111111111111111111111, 111111.
111 111111 1111111111 tn 111111111111111111111111111111, 111111 1111111
1111 1111111111 11111111 1111 11 111111111111111111 Η1111111 111111,
11111 (111 11111111111111111111 111· 1111111111111 111 1111111111, 11111
11111111111111111 Athanatum - 1111111111, dm 1111 1111111111
, 111111. 111111 11 dem 111111 11111111111111111111111111111111 dom
11111 1111111111111111111111 111111 1111111 111 1111111 1111 ,11111
1111111111. Und (1111111 11111 gavina, 11111111111111111111111111-
:teneritate Lomung, 11111111 1111111 11 11111111111111111, 1111 1111111-
111111 11111111 11111111 1111111, 111 1111111 tn 1111111111111111
1111111111 wire. 1111 1111 1111111 1111 111 11111 1111111111111111111131
(11111111111111111111 11111111, (1111111 niumagon 111 dem 11111111
111111111111111 111 (11111111111111111111111 1111111111 1111 111111.
1111 1111111 111 1111 111 naua 1111 1111111111111 1111111111 1111111,

111111111111111111,11111111·’111111111111111111111111111131111111·-Ἰ

11111111 11111111111111 schreibt! Η111111111111.1·1111111111111ὠ1
111111111111111,11111111111111111111,Εε11111111111111111,8111111
1111 1111111111· 111 8111111111 11111111 1111111111 [1111111111 ge-
111111111, 1111111111 1111111111111111 11111 11 mutet· 1111111111-
. 1111111 habent 111111111111 11111ᾱί11111111111111111111111111111,1111-
1131111111 und juridtschon 8111111111 11111111 nur 1111 1111111111 111111 und
1111 olle 1111111 1111111111 der 11111111111111111, 11111 111 tutatuta&
11111111111111).1111 mangelhaft (1111111 111111111111111111 1111111111-
111111111111111 11111111 tahon die 11111111111111111111 durgo-
11111). 111 111 111111, wir 1111111111 11 1111111111, 111 111111 reum
angat 1111 1111111111 8111111, 111 111111 111 111· 111 negem
1111111111 (1111 11 11111· 11 (111 [11111111111111111111
1111 111 111 tractatio 111111 1111111, 11 1111111 111, 1111 augur
1111 1111111111 Η.1’111·.11111111111 usuum 111111 contutanda
1111111 (1111111111111111111 11111111 111 inpotentia 1111111 11111111
zu 11111 3111111111. ,
’ 1111· sind gespunnt 111 111 1111111111 1111111111 1111111111 11111
11111111 1111111111 do 111111 munimntum 1111111111 11111 hott

ffl-

ί)1111.111111111111111111111111111111111111111111.1.108--1321»1111
111 01111111 der 1111111111 11 8111111111
111. 1 111-111

111111,.1111111111111111111111111111111111 , '

 

