’Μ

’1111 fle 1111111611 angoht, 11 11111 111 1111 1111111111 111111
1111, 11111111 11 1111111ιί1111 1111111111 1111111111ι nomon 11111
1111111111 mahom, 111111 111111111ιί 1111111 vird, ,

1. 68. X· 11111. (11. 28.)

18. 1111111111 (1115)
1111111 1111111111 1111111 ιιι 111 111111 111 111111111111111111,111
11111111 abor 111 1111111111 81111 111111.

1111111111 1111 verdon 1111 111 1111ι11111111ι1ιι Bo'stimmung 111
Tridentium weldm ιι 111 111111 111 111111111111111111111111111.
111 dm 111111 111 11111111111111 ’1111111111 8111111111 111111
> ..118111111111111111Ι

’.1 26. sus. XXIV. 111111ιιι.

gagen 111 81111111111111111 gagen 111 1111111111, 11 11111 jhm 111
111111 11111 111111111111 11111111, 1111 111111 111111 1111111111 111·

1111, 11111111111111111111111111 gagen 111 1111111111 11111 mehr ’
1131111111 111111 1111111111 1111111111 1111111 111 111111111111
1111111111. 1111111111. (11. 28.) . ., ¹

1. 1. in (11111. 11111. (11.. 12)

811 kann, 11 11111 1111111 1111111111 1111111111 11111111 1111111,
111 111111111 111ι61111111ιι 11111111 1111 11111 111131111111 111111,
Ι.1 2111111111. .
1111111 11111 1111111111 111 111111 mentm 1111111111 111111111 werdon.
811111· 1111111111 11 11111 1111111111 111111111111111 welches 1111
111111 11111111111 1111111111. .' -
, 1. 31. (1111. 11 qu 6

Andm 1111111 11 1111 111 111 1111111111 von 1111111111611111-
1111 111111 111011111111 1111111111,Δ 1111 111 11111 1111111111 11131-
11111111 1111 11 111ι 111111 111 (1111111 111 11111111 1111111111
111111111111. e. 1. in 11. 11 111111. (11. 15.) ’

, 1. 59. 11. 1111111101. 18.)

, Dio 111111, 11111111) 11111111111111111111111111111111, 111111
1111111111 111111111111111111111111 1111111 11 111 1111111111 ’111-
gaburgem ιοιι 1111 Tagen, ι111111 vom 'fago 111111111111111111 ,
11111 1..15 X. 11·.1111 1111111. (11. 27.)

1. 8 1ι 11. 11111111 (1115.) ,
811111 111 11ι 1111111111111111111, 1111 111 1111111111 1111
ιιι 11111111, 1111111111 ,
’ 16. ιι 11 11111111 (11. 15.) ·
0.mmmfflm ·,.
111 111111111111 1111111111, 111111 111 ιι1ι11111111111111 11111111
1111 vom 1131111 dugelegton-Appellation 11111111 11111111.

mugram 111, 11 ιιι. ιι 111. ι. ιι.

 

