. 11. 11 111111111111111111111111 1111111111111 111 M.
1.’.111 8.111111818.11111111111.1’1111111111. ’

1 Μ1111111111111111,11111111111111111111, M 11111 1111 1111111

¹ 1111111 1118111111111111 111111, 1111111 'dot 1111111 'mail 1111 11111-
11111111 dor 1111111111 1111111111111111011111111 1111111, 1111111

111111111 1111111 11111111 11111111.1111.1111.11111 111 1111·
11111111111111111111 des 1111111.

161111 1111111111. 1111111111 1111111111. 1111111111111 111111111-
11111 11111. 1111111111 111 111. J. B Η1111111 111 01. 11111111.
111111,1811.1111111.·· ’

1. 1111111 111111 111 populo (1.111-111) 1111111 11111·-
1111111111 1111111111111111111111111 1111111111 11111111 1858
1111111111111111118111111111 (111. 11111111. 111. 1. 221-231)
1111111111 11111111 11111111111111111 111-1111 11111 1111111111
111111111111111· 1111111111, 11 1111111111 1111111 1111111111 1
11111111.. ,111 plebe.. 1111111111 111, 1111111 1812. Β1111111,111
11111 1 11111111 111111111111 1111111111111111111111 populo. 111111-
11111811.1111111,111111111111111111111111,1111111111111111 ’
111 1111111111· zu 1111111111. 11111 1111 Dissertationum 11111111. 111.
1111111111 mit 111111111111111111111181111111111 1111111111. 1111111,
’ 11111810.111111111111111111111,1111111111 11111, 111111 1. 111. 71
11. 111.1.111.1101.(11’112 1111111,11)11111111111111, pag 181 11.
1111111101.0111111111111111 11111111111111111111111 1811-10
Β. 167 ff

1111111111111 sind 11111111111111111111111111111111, 111 111111.
1111111111 1111111111111111 1111111111 111111111111111111111, ((1111.
11111111. o. 1. 111 1111.) iudom 1111111 111 11111111111 (111
1111111111 111111111111111 111111111111 1111111 111111. Im 11111 (111
1111111111111111111111111111 aber 1111111111111811111111, 1111111
«lm 1111111111 (1111111111 1111111111 1111111111111111 (principaliter)
11111111. 111 1111 111111 1111111111, 111 1111111111 111111111111111-
111111 1111111111, 11111111111111 1111111111 111111 1111111111 1111
111111 11111111111111 11111 1111111111 1111111111, nondum 11111 ’
11111111 (11111 11111111 11111 z. B. 1111 111 (111 ’11111111 und 0111111·
11111, 1111111 111 1111111111 1111111111 11111 11111.

1111111 111 1111111111111 1111111111111 1111111111 11111, 111
hu 1111111111 (1111111111111, 111 in 111 11111111111111111111111
111111111111111 der Ptamr 111111111111111. Β11111111 (111 1111111111
1111 111 011111111111 1111 11111111 1111 11111 dei· 1111111, 1111 “
1111 1111111 1111 1111111111 un 1111- 111 1111111111 mr (111 11111111-
bonon 1111111111 11111111 (111. Ferrum, Βῑ111οῑ1.11111 111111 1111111
norff. 111. 111 n. 11.) 1111 1111111111 minut 1111111111 1111 111111.

18’1

 

