111111 11.,(1111111111111111111111111111111 (111 1111111111,111111
[1111111111 1111111, 1111111, 1111111111 111 (111· 1111111111. ⁴ ’

1111 1111111111 111 111 (1111111 11111111 11111111μοί1111 1111111111
111 111 11111111 emhilt auglelel 111 11111111 3111111111 111 Βο-
1111111111, 1111 111 111 1111111111111111111111111111311111111-
1111111111111111111,111 11111111 1111111111 vlo 111 ordinarius
111 1111111111 1111111111 et 1111111111 zu 1111111111).11111111111111
111· 311111 11111 (111 homagium 1) 111 1111111111 111 Ε11 111
111111111111), 111 1111111111 1) 111 1111111111 zu 111111111111111.)
1311 111 311111 111 1111111111 111 1111111111 ὶ1111111111111111 111
1111111111 1), 11 11111111 111 1111111111 111 'quartu 111111111 1111)
111 111 (111111111111111118111111111111) 111 11111μί1111, 1111 111
0111111111 2111111111 111111 11111111 1111). lllt dem (11121111111111-
ergreilung 1111111111111111 111 1111111111 11111111 111 11111111 vlo
111 311111 111 111111 1111111111111111111111111 lingendum 1111111
salvo dominio resp 1111111111 81111111 111 11111111 resp. 111 1111111
11111111111111111111111 1111.. ’

1111 1111111111 11111111 111111 111111, 11111 1111111111 (1.11111)11)
gagen Jeden 11111111 111 1111111111 111 111111111111111111111111111
1111111111111.11) 13111 111111111111 111 3111111111 1111111111

111, 11 111111 1111111311 11111 petitorio 1111111, 11111 1111111311 11-
1111111111111( 1111111 311111 1111111111 111111 1111111111, 1111111
111 11111 111 111111111111 111 privatio 111 1111111 11111111 chinel-l
1111111. 11) · ,

1)31111,11111.111111111,11113.111.1.
1) 11. Feud. 5, 7
8)11.11111,’(.
1) 11. 1111. 23.
1) 11. 111111. 23. S. 2.
. ⁸.)11 1111132.
1121111112.
1.)11,8(111.1.3,1161.11111.01111
1.)811111111 11. 105.
)¹⁰11.Feud. 81 1,1111111111111111111111111111111111111111111111111
labet 11(11111111,11 (11111111111111 1111111 a quollbet 11111111111111 quasl 1111-
(11111111..111111111111 opponere. Ν111111111111111 11111 11111111111111111

111111 1111111111. „Sl servitus 1 vasallo 111111 111111 111, placet 111111 accedere, ,

1111111111 namque 11111111111111· facere polest, (11111111111111 11111 donini
voluntate facere (1111111111

11) Sohullel 11101

11) lllgantl 11 regul. 1111111. 3131111111. 11311111. 11111. 113.
J. 114, 1051

 

