-181

Η. F. 551 1511 1155 155 15551551 1551551551-151151155155 1155551515
15· 11. Ι55351155 353515Ι 155 55501515 115155515155ι 155 1155555 ’55 115
1511555 8511515 5511115155 5515155 5551 555. 15 115135 155555 5511555
11535555151153155553155015515151551555 5515555101511 1855, Νι. 11,
872, 15135515 Vorfflgung:

„Unser 115515555515555535355515 vom 1111511807 551115155551
1551315155 1551551550151555 155551555355,55555501515 3555 5555851551
1826 111311. 11511, 55051155 5151 151551555555553, was 5115151510151
155 11551115155155151553 55115115155 11515115511555 5515 5511. 115155
iibrigon·von Reohtsboziehungen 155 551151151551115155 55 551555 1111555
15 5555555 (155515351553 11511515 151, 5151 551515 555553555155 55155155
1555 111515 551 155 051155 15513555151, 55 15515515551511. 111, 711151,
8. (1151151 551 im 115355555115355515 §- ⁷3 555 555551555ψοί15 5151
15115553 5511551155535511511 551 15155511 555 crateron (155515 55515
11551151550515555355 55155155 1555 vator 551 1555 5511015155 111515
35155155. 0155515511515511555555355, 515555115551555515555 555 155
111351 1551551555, 5151 5155535 5555515355, wo 5155 155515 515 515115
’1551355501515111511155 151 155 115351.

155151511151 555551151 551551 1551. 28 155 1055101511555511515
;.55551.15511808,,,1555 11515511155511153131511 55 85553 551155
175155 51515551 51511515 051551 5515151111 υ

115151 15555151511 15 15551153, 51 155 11151 55515155 5551 155
11555555 155 [15515551153555155 1181 551 13115. 5555155511515155 51511,
55551515 5551 15551015135 511555 1515155351 155 5551153551551511, wo
55151551155155515553555 1511555115111, 55355355 werden 115555.

Durum vird 5551 5551 15515155155155515 155 5511511515 11151
1551 555 1155511· m 155 Religion 1551151155 3515511111551151131555-
5515155553 15555155 5551 15515151 155 1271551 0555111511555-
5115155 555 5551 5153515515555 1505051131511 155 1115155 15 15135
155555 5151555 55355555155551111155535151151 5555155. · “

1155151555 151105155150551151131511 151 K. F. 5551 51511 555-
1155155, 155155155355 551555 5511015155 151555 551 155 1555155155
v 1551551551-1505511551551151131555355511551511 15 M. 5155 51511551 355515-
115155 ’15155 5511, vird erkannt:

, 1555 5111555551553 155 Recursus 35355 155 55501515 15155515155

vom 7. suni 1815 115555 55155155101553155 1555555501 15 1151155155

1511311511 55 1551111355 551411 (151. 1155155111. 1858, 115. 111. 100).
11. 115155151155355 155 355511. 015515135511515 55 1155515155 ’

11. 155 ,1555551555 155115515155515115151 155 3555515. 0155-
1513551511 55 115551515515 515555 0511505 vom 17. 1151 1851 555-
3555551551 Die Κ1551551515355551515 151555 111535 551· 1511111553 51555
5555555555 5555555.

 

