111

cunnum 1111111111 111 11111111 11111 1111111111 1111, 1111111 1111
11 1111 11111111111111 11. Excellens vom 21. v. 11. 1111111111, musea
1111 1111111111 111 1111111111 111111111111... 11111111111111111111
111111111111111111111111 1111111111 vom 5. 01111. 11 111-111.
11110111 1111111111111 111111111111111111, 1111111111111111111
1111111111 111 11111111 1111 1111 111 111111111111111111111111111-
11111 ¹.) 11111111111111111111111111111111 1111111111011-
1111111111 (1111111111111111 XXIII. 11111111111111111 111 11111-
11111111111111, 111111 11 11111111111111111111111111111 1111-
1111111 1859 111111 11111111111111 1111111111111111111111 11111111

Am 22. 1111 1860, 1111 11111111 dem Tago. 11 walchen 111 gr.
Regiemng 11111 (1111111111 111· 111111111111111111.1111111111
11111111, 1111111111 1111111111111 111 11111111111111111 1111111111111,
111111111111111111111111, 111111 111 111,11111111111161’11111111111
011111111111111111111.1)1 111 1111111111 1111111111 Fuge 111 1111111 ,
811111111111, 1111111,,111ι11111111111111111111111111111111111111111 .
11111111 111 11111111111111 Τ11111.1111111111 worden 11111111 1111
1111111111 111 Frage 1111 111 Mitwirkung 111 1111111111 111 11111111
111 (1111111111Ι von 111111 111 staats 1111111111111111011111111111,
1111 1111111 111111 111 Rechtsbestandigkoit 111 vertrag· 111111, 11111111
111 111,11111111111111111 111 11111 11111111111111011111111111
1111111111 11111

,,111111 111111111111 1111111111,1111111111111111 111131 1111 1114
1111111111 111 111111 111 1111111 11111111 1111111111 11111111,
1111 111 111111 1111111 gethan. 111 11111111111111111111111, 1111111

1111111111 11111 11111111 111 111111 11111 11111111, 1111 111 1111111111 111111111-
111111,1111111 111111111111111111111

1111111111 ,,1111111111 1111 111 011-111111111111. 1111111111 1111111111
sabel: 11111111 111111 11111111, 111 11111 111011111111111111111, 111 11111111-
1111 111 111 Laud 11111 durch 111 011111111111111111. 111111111111111111111
auth 1111111111 1111111111 111 eesemderungen 1111111111111111, 111111
11111111 1111 1111111111. Lame! 11111111 111 11111111 11111111.Ζ1111111.111.81)ε
,,Ιιιι 111. xxm. 1110111. 11111, 111111111111111 nonen 11111111 111 111111-
gegenstohenden Gesetzesbestlmmungen 311111111 1...1111ιι 11111(1110111.111-
1111111111),,11111111111111111111111111111,,11111111111111.
11111 11 1111111111 nun einseltlg 11111111111..1111 511111111111111111111111

’ 1111111111 111 (11111111.

111 01111111ο11111111111111 1101111111,1111111111111111111111, 1111111
(s. m: ,,11 1111111111 111111111111111111111111111, 11111111 1111, vm
er 1111111, 111 111111111111111111 111111, 111111111111111 1111 11111
111 111 1111111 11111111111...11 1111111111 Venno Ilogt 111111 1111111111
1111111 111111 ,1111111111 111, 11111111 1111111111 11 11111111

 

