2⁵7·

111111111111111111111111111 11181111111111-81111111111111 1819,
S. 20. ,111111 111111. V. U. 1850, 119, 21. 11111111111812, ς’. 108.
0111111111 1852, 111. 80, 72. 1111111111 1852, 11241*
1111, (1111 vom 811111. 9111111. 111111.) 11111111 11111111111111111
1. 28. ,11111 1819, S. 111-118, 1111111 1111, 111 11111111111111.111-
111111111 1111111111111111111 ,111111111111111 111. 11111 (111111111- und
(1111111111111111, 111 1111111111111 11 1111 1111111111 1111111111
[111111111111111111111. - Duroh 1111 11111111181111111111 vird 1111
,1111111 1111 11111111. 11111111111111111. 1111111 1111111 11111111, 1111 11-

11111111. sedo 111111111111111111111 111111 1111 1111111111-11111111- “
11111111111 111111111ᾶί1 111 11111111] 1111111 und 1111111 1111 1111111 Ι

(111111- 0111111111- 11111111111111111111111111111111111 11111111.
11111111 111 1111111111 (1111111111 11 1111 111111111 1111111 1111-
111111111111 (1111111111 1111 1111. 81111111 1111 11111111. 1111111111111
1821118271111.1111111859111111111. ’ Ι ’

—a—-n

¹ 1111111111111111
. me 11111111 81111111111111111.

,5 8(
1. Die 1111111111 1111111111 1111807.

Wh· 11111 111111 011111 111111111111, 1111111111111111 1111111
111111111111111111111 Rosius, 111111 111111 1111 11111111111111, 1111111111-
Υ11111 11111111111111111 11111111, concordate 1111 81111111111111111 -ι
also 111111 1111111111 ’11111 11111111111111 111111 111 dio 111111111111111
1111111111 aller 1111 111111111111111111 der 11111111 ordinis und juris-
111111111 1111111111111111111 11111 11111111 111 1111 1111111111, vom
81111111111811111, 11 11111111111111111 11111 ,1111 11111111 1111111
111111111 111. 11111111111111, dass 1111 81111111111111111111111, 1111
111 1111111111 „nn der 1111111111 (111111111111, 1111 11111111111111· “
1111111, 1111 8111111111 (11111111).1111 11111111111111, 11 1111 1111111111
1110111111, 111011111111111111111, 11 11111111111111 111111111111,1111
1111111111 (111111111111111111 111 1111 1111111111111111111111111111 11-
111111) 11 1111 11111111 und 11 (11111111111111111Κ1111111111111111.
111111111111111111111111111111111111 den 1111111111, 1111 1111 11111111
81111 1111111 1111 111 1111 11111111111111111 1111111111 11111 111111
1111111 11111 1111111111 11111111Β11111111111 111111 11111111111111111111
1111111111 11111111 an 1111 11111111 111. ’

[118111111011111111111111 11 dns 1111111111111111111 vom 28.
01111111790 1111111 dem 81111111 1111 ,111111111111 111 111 81111-

111111111, 1111111111111111 1111 111111 und boi 11111111111111

 

