161

1. 23. Β11 11111 1111111111111111111111111111111111111111111111- ·
11111111111111191111, Berufsee'fer, 111111111111111111111111, 1111111111
0111111119 end 1111111111 1111191111 genehen werden. 1111 111111 1
1111111111111111 111 111 11111111 1111111111, 11111111 (111111111111111
111 111111111111111111111 1111 verengsweise 1111111111 11111111.

5. 21. 1111111111, welche 11111- und 111111111111111111, oder
111 (1111111111111111, eder 1111 11111 11 11111111111111111111111,
1111 in gleieher 111111 1111111191νί 1111, 1111111 11 111 1111111111
811111 1111111 111111111111 111 1111111111113, 1111 1111111 1111111
Unterordneng engestellt 1111111 Nur 11111 111 111111111111111111
111111 1111111111111 81111111111111 1111111111111111 111111111111111
11 81111 ihrer 111111 1111111111 werden.

125. Α11111111 11111111 111· 1111111111 en 1111111111111111
1111111 111 1111111111111 Bewifligung

5. 27 11111111 dieser 1111111111111111111111111111 111111
nervon 111 8111111111111, 1111 111111111111111111111111111111111111·
1111111, 111 111111111 1111111111 werden, 11118111111111111111111111
111 11111111, 11111 1111111111111111111111111111, welche gegen 111
Bestimmungen dieser Verordnung 111 111111 11111111111111111111111
1111111111, vem 8111111111 1111111111.

5. 28. 1111111111111111111111 ven 1)111111111,.1,111111 111
1111111111111 gesegt 111, 1111111 1111 111111111111111111111111,11111-
111111 111 11111111111111111 11111111111111 111111111111111.

ent 11111 m. p.

h———t-U--n-

vererdnuntdeu 1111111111111111 1111 lunera 11111 0. ¹§ull
, 180⁰ · .
giltlg 1111 111 1111111111 11111111111111111, θ1111111111111, 8111111111 1115111111,

1111111111 111 0111111111 111 111111111111111111111 1111111111 111 111111111-
1111111, 11111111 111 111111111111.

(111111111111111111, 1111. 8111111.)

111111111111111 111 111111111111111121. 111111 111 21. April
1810.(1111111-(111111-11111 111. 80 111 103) vird 111 111111111111
1111 111 Μ1111111111 111111111111 1111111111 1111111111, 1111 11111
111111111111 1111111111111111, 0111111111111 111 8111111111111, 111 .
1111111111111 1111111111111 111111111111 competentem· 1111111111 111,

111 5. 8 der Presserdnung vom 27. 1111 1852 (111111111111111111 111. 122)
111111111111 11111111 zum 11111111 ven Hessigenbildern‚ (1111111111
(111111111111 11 111 1111111111111 11181111111111111 111111111111 ’
111 1111 1111111 8111111111 in salzburg 11 1111111111 0111111111
zu 111111 11111.

” 11111 1111111111 m. p·

 

