111

stando. 1111111111 (1111111111 111Ι 11111311 3111131111 1111111111
1111111111 111111, 111 111111 1111 1111111111111111,1111 1111 (1111
1111. 11111 111111 1111111111 111, 111111 1111111 11111111111111111
·111 111311, 1111111111111 1111111111 1111111111111111111111111
1111 111113111111111113111131111111,1111111111111113111 1111111311
1111111111 111111111111111111 1111111311,1111111 811111 111 1111-
3111111111 concessionem 1111111, 111 111111113111113111111111111111
1111 commissero (111-111111 (81111 ι 1111111111 1110111111311111111111
11111111) 11111 111 111111 1111111111311 1111111 1111111111 1111 11111111·
1111131111 111 1111111111 111 1113111113 1111111111, 1111111 11111111 stipu-
,111111 111 1111111113 11111111 11311111 Dio 11311111311111111111
1111111111113111 sum 1111131111111111131111111111111111111111111111
111111111111311, 111111111111111111311311 1111111111 1111111111
Ι11111131 11111ι1111111. Diones 11111111 11111111 111111311111111 111111,
weil 111 11131111131-(11111111111 11 1111111111, 1111111 111 11131113
111111 0111111111111111ι111ιι1ι,’ 1111111131 111 »11111111 111· (111-
1111111,α wie jetst 111 11111111 1111111111 1111111113111111111ι111, ¹
1111111 3111111111111 1111111111 1111111111111 1111111, 1111111111111-
1111111 111 1853 11 ' 31311 111 111111111131111111 111111. Dionem
' 1111111111 1113 11 1111111111111 1111,Ι 11111111 man 31111111 1111118111
11 111 81111111111117111111111311 111 3111111.Χ 11111111 111111 11111
1111111 111111111111 1111111111 31113, 111 111 111111 111111111111
111311 su 1111311, Ι111 11111111 1111111111 1111111111. 111111111111-
11111 01111111111 dem 111111 111 111 1111131111 111111111111811111
11111111111. 111 August 1859 wurdo 111 0111111111 111111111111
1111. 8111111 111 111 (111111111131 111 111111 11111111. Dio 1111111111
1111113113111111 „Aeterni Pastoris“ (1111311111 22. September 1819.
Der 11111 ’11111 111111· 11111111111111111111111113 111· 11111131
111 111 11111111111311 1111111111113111 werden 3111111. Es 111111 11-
1111 (11111111 1111111111. cardinal (111111111111111111111 111111111-
1111 Βι1111ι11111111111 1111111 (11111111 11111 11111111 111 111 3111111111
111 11111111111111111111111111111ι 1111111111 111 01111131111111-
mh 11111111 (1118111 111 1111111111 0111111111, 1111111111111111111).
mom! 17111 111 31111 111111 111 111 (1111111111111 1111113111 011-

1111111 1111111111 111 8111111 11111111 11111111131111111111011- ’

111 1111113111 1111111111 1111 111 mnu 11111 11111. 11111111 dum 11111111

melum 11 11111 111 1111111311 1111111111 gewis· 11111111 1111111111 Erulum

- 11.

”mammone 1111 1111 11111111, dm 111 mnus §em 1111111111(
ο

,Ml 1111111111 111 11. 11111 1117.

’ ¹ ι 11111111

 

