289·

1111111111. 111111 1111111111111113,ι 111 1111111 11111111111111111
1111111111111 1111111111 11131311311 111, 11111111· 1111111111311111
11· 1111111111 1111. 111111 31111311,11111111 1111 111111111113111
111111 1111111111 11111111111111111111113111 111 111111 111 1111111
11111111111111 1111111131 ’

11111111 11111 1111111111111111111111311 11111111111111111111111
1111111111 1111311111111 1111111111 31111111 11111 1111111111 111111111
11111311, 111 11 111 111 1111111111 1111111111 111, 11111 11111 111111
1111111 1131111111 , 1111111. 11111 111111, durch 11111 ’111 1111111
11111111111111111 21. 111111 1691 1111113111 1111111111113 111011-
31131ιί11 1111 (1111111 111111 111 1111111, 1111 11111 11111111111 0111- ’
3111 11111, 111111111111111111 111 1111111111 111111111111111 111 1111
1111111111111111111 [1111111111 Μ11111111111111111111 111111111111
111111111111111 111 11111. Cum 1111111 1111111 1111 1111111111 11111111

111 11111111, 11111 1111111, 111 1111 111111 1111111111111111113111111 ,

111111111111111 1131111111 1111, 11111 zu 1111111111, 1111111 111111-
111111111111113111111111111111 11 111111 11111131 111 111111111
1111111111 111111, 11111 111111113113111111,1111111111 111111 1111111-
1131111111 (11111111 11 ·.1111111111 11111111111111113 11111 111111
1111111111111111111111111 111Μ1111 111 111 1111111111 1111 11111
1111 111111111131 111111111111111111111111111111111. 1111 11111111-
1111111111111 111111 111 111 111 111 11111111111111111111111131111111

, 11111111111311, 1111111111111111111-11111111311111111 1111111, 113111 11111

1111111 111111 11111111 1111111111 11111 1111111111111113 111 111-
31131111 11111111111111111111311331111111 (11 11111111. 111. April 1831.)

’ 11111111113 11111111111111 1111 1111 11111111111111 11111111-
111311,1111 1111 111 1111111111 Τ1311 111111 1111111111 1111111111
1111 su 11111111111111111 11111 111 1111111111111111111 11111111-
111111111111111 111 1111111111· 1111111 111111, 1111 1111111111· 1111
1111 111111111111 111 1111111111 111 111 11111111111 111,31111111111
3111111111111 11111311, 1111 1111111 111 11111 1111111113 11111 ι11111-
1111111111111111, 111111 er 111111, zu 1111111311, 11 11111111 1111111111

1111111 11111 11113111 (111111111111111111. 111131111111111111111111111 ·

, 11101111111111111111111111 0111 1111111 11111111, 111 11 §. 1. 111
1111111111 1111111 3111311111, 1111111 1111111111 111 1111111311
11111111111111 311111 mit 1111111111 111111 11111111111311111111111-
1111131113111111 1111311111 1111 1111111111 11111111 werde 01
11111 1111111111111111·11111111 1111, 1111 1111 1111 1111111 1111
111111 (111111111111111311111, 11111 11111111 111 1111111 1111111111
1111111111 11111 11111 1111111 1111111111 111, 111 wohl 11111 113 111
1111111111, 111 111111 111111 1111 111 1111111 11 111111 11111111
111111 11111 111 1111111111, 11111· 1111111111111111111 1111111111..

 

