zm u ⁸

’119119 19 mahumet 119991 991 Str-subm, 91999 'arom 999199
19919, wei 19919919 199199 999019991919991119 1991999999 ,199
19 11999199191199 91999999 991119191911119199911111999999999.
99991199 199991999911919199 von 1805 lumen 9911 919 1191119·
,9991919199991911991991991991999999, 0919999, umnam, 99991999)
991. 9911191 19991 119 11919199199119 der 01999911, 119 Bur, ,199
11191999, 119 1991999999 des 11991991991999 991 ,119 9191199199 :dor
’991191ίεί9199 F 1119199 v. 1199199199, nemaeum& 9919 91911999.
So 1991911 199 19919991991999999919199 999 molet 1919199199
11191999, 19199 oa ·,995 1931999119919, 991999 912181 protestantium
mumolane& 91811 9199 9199 19, 1191911199 991 91, Prummu
911119. 19999991199999111827 999199119119919911999,9919199
999 199 ehemaligen 1191119999 09991999 (91139911999919919 17 19914
99911919),Ι 1199991999 (1911 99 1119999199 99 319919991919),999999 9911
, 92 1119911999 619919991919),199999911991119999991931991-
99911919),1999919919919999199 99 9199199119) 991 Μ9199
(91131 11999199 m 2 199199911919) 99999999999919191.

Dort- 929. 1131111119 9991919 199919991991999
9119 Art. 9 u 9 der 9999919999, 99199199991999 mr
,99 119199 99199999 ew, 19199 den 1991191199 raup- 19 katholicam
119919 119 119191119119199991999 991 1991199119 919 ,11999991191919
9911111999 111999 »9991199 1199119 9939919191. 0199119199 vor ,1893
ww. 1895 919 grossa· 11911 9199 19191999 badinum 199999 99191·
,119119Τ99911991919 9911919 9119911991119191999919999191191 199 9999-
919919 991199999991 999. , 119919 19191-119111991919119999119999
--ihr 1199111991 191999 119911999999139919999 191, 99 ,1999991 99 ,vor
11199 999 119 1199191999 199 99991999 1199119 dor 1119919 19119199
99111999 9191 9191 1999199 999199991191191991191199919981199
zur 1111919 991 w 19919119999999 199 9199919191 9911991919-
1999119.

§- 3.
11991199911119199 99199199 11991991 1919919.
jn. 1199199 919199 99911199.

11199 1919999119919199199 ,1199999919 9191991191, der 81991
“ 1991999199, 991919· 1191931191999 91999 9999991999199991199119-
99919919 19999911, 191 wie 191999919199111919 1991191993, jode cor-
999911991919 1199119191991911,199199199919991 19999991, 991191,
91399919] von 1999919999 1999199919, 99 so 9191 (199911, 919 ,99 aar
9199191999 9919999919 191999.

1119 1191999119 swinden stant 991 1119919 9999919191 19991911

,9991 19 19199, dom 9999199119 19999 1991991199 1991999999

 

