, 220,

- 111111 10 11110110 3101131111 001 111111111111111111110111111110111111111
1111111111 Xlll. und 11οο11111111. 1111111110, 0110 10311111110 111101-
1100οο (1111111131 1111 11111111εά101 1111111111 01111 101111 101 1101111111111

defi 1110131 1111111. von 8111οἰ10 1111111311 P. 1101 11 101 J. 1791 ·

1111113111111111131111111111111111011111,11111111011011011111. 111
J 1771 111310101111111111 1111111131 111111. 1) nine 1111111111 11111111-
000311313011001 101111011111011111111111111101 17 1111117911
111 3111111 1111011100 111 11111131 101 111110310 1111 1110131 111101
10111101, 1111111311, ι1110111110 9. November 1111111110 111111 101111-
1103111 111 01010 1101310111 10110011 111111111113013 1111111 1011111-
01101, 001101101111101111111 111110310 10110011 11010 111010 3110-
11010 111111131111111111 Laud 1101011311.11111111111 111110 8110111110
1111111)

111 1113 10111110, 1111 111 111111 [1111111003 110 3101111111110-

’ 11111111001, 1110111111, 31011111 fehlt. 0111100111110011110111111

3111110111110 1110010110 10101110, 101101 11 1011 011 11111111111,
1111111111 1111110111 11011103110110110111, (1111111131 11111111111111-
111110111011110,111’1 P. 1110111101 xlv, 001 1111 1011111113 1011111111
1101111311) 1111111101 111 11101111111111111010110010 1011 111 18. ‚
101110011111 1111 3101101111101 ’111 111031 10 310110 Laude 01031-
1101110111 001· 101 11011031 11119111110011111 110 111011 101110 aus
den ’1110101110 1130110111 110110,11101111 0111111111 1011110 111111 An·
3111310111 10 110 1111.81011. 1111 111101011οο 11111 1111111 1101 allo
11111111110 Feiortago 1131111011, 10111110 10301101000113,1011101 011
(111 111111 1111101110 (hebdomada 100 1111011310) 111 1. 3. 11111110
3111111 1101110, 10 dms 001 jo 111· 1111111113 110 11011113 1110 101111,
1101001101, 11111100011311111111. 1111 die 11111111111011111111·.1111
11111111,01111111111011011110311011. 11111011111111011101 mdo
1110101 10110113 1111001 11100 111 111011 100 1101 10111111113111-
111110 1111111 der 11111111 1111111101οο 111101111001 ’11111111 1111· 111-
101101100331103111 1101111111 11 110 1000113 11011111110111 111-
1111111, 1011110111311 11 1111111011 1111111 1100111 1101111 00111101101110
’1011000103 011111 111110. 111111 1111101 10101111 10111011 0101111 111111
Ι11111 1100 11111111 111 1111111111111111003 11011 3101101110 Zmin·
(111 1130113111, 1011111110 8000113011 01111311110131 11111131 zu 111110.

1111111. consutum 111. 01. 10011111. 1111. 11 nunu. 111111. 1. 111.
mma

. 211311 11. 1011011111 1011 11. 1. 1111100. 1100 ln 10111. 01110111
, 11-1

1 1)1110111111ΧΙ1.118100101101111. 111. 13. 1. 18. n. 11. 11110111011111·

1111. 111. 0. 11-15. vgl. 1111111111. 11111111. 111110011111010 01101110 1111-
1111111111.3.(1.77-71.) ⁴

 

