111

1818188818881 188 1118188118881113118111188188888 von 0881888181 888

(1888 3888881188 118813881818 mid 1111181 8811811 18818381 88811111 11888811,
8118 1881811. 1888811 88881111881381811888881188181, 8818888811 81888

. 81881 18811838 88188 818 381818888 1181881838 111138888888 3888888811

(818211)

1118111 11188 8811 18881188881811111. 1881111318 1188881188 88811881-
1838 1118 0881888181 38811318 81811, weil 81811 18 (1881188818 81181 8818-
’ 1888138888118881181888 8 18888881811188, 188881 1181118811, denen 1188
181811811888818 8111· 1188888 183, 18811188 118 888388818181888118888
888818188188, 81818888811838388 888 188 8881 188118818188888188-
8118111883, 88 888 vigilien 888 881381818888 Festo (8881888181 ,188
1888181888) 8881881183888181188118188 88 1181188 881 818 88138-
1818888 1818118388118188811 11111 118888 88118888, 181888 8818188, 8881
1188833883 88 1881888,188188811 118 118181811888 881 1181818881 188
888188181188, 18888 818 1181881188 188 18811838 81181188 881118, 81181· 888-
1118181, 818 8888181881 1188188. 11888181 88811118 (118 18188818 1111818
Τ1888818 888188810181888811111.1811.1771 888 888881818811888-
Breve 8111 1118188888 1118111388 18888888388 1118 0881888181· 18 1181881
188 1181881838 881181 188818 188 18111888 8188111818 Breve 88 11881118 geg
18318881881118118881118888883, 1888 88 081888111838188 881118111-
8881188 81811 11888 (8881 188181811188 18118811 Breve) 1881188811881·
183 88 181888 wire, 8881888 8881 8881 888 11181818 Τα3(08181’8188183,
Pfingst'montag 881 1881888183)1888888, 1888 8188811 1181· 118Η88814
881888 38181881 888188 88111818 81188 81118811 (813888181188) 18188-
18388 sollte 18 2818811 188888 8188 181811811883 8881 1188818888, 88811
an 888 11311188 888881188 8188 188118811811811 8881 188188 1118181188,

, 18881888118888181181188881818881 8818881188811888118,8.11.18811

8881188118 8181811181888813111331388118818 881811881 8811111 81888
1181881188 1181 8811 1181118188 [111881818881811181888 118188, 111. 11888181·
8111118888 8811188 8838188881 1181188 Zur 1188888883 88 118 88138-
18181811 Paete 181·Ι 1888181 8111 1111188188811111· 1111811, 8811811

818111 881· 818 11888188 81111 111888818 1111118818 88188881118188 11818118

‹ ¹) 181 welche 881818813181188 1888 bei der 1881118883 diener 1181888381 811188,
88811181 88818113888888 111111. uerbere 88 elerum 18818888( 88111888 1111888888 888. 1.
„fiet 811881 1888888181 8811831888 18388188 81 1811818188 81118Ι (18881188) 11881188,
8 1888188818 1181188118888 8811181118 8. 1751, 8888881181 profecit 81 metue 88811-
lar 8181ι (8. ’19) 11888 888888 81 18888888 1888888, 888881888811111811811811,8111
1188888 3183, 818111 18811 888 (188 8811888118 8811118113 desselben 11811881 „Neo 188111-
1181888888 Fir 88188118 (ee 1811181811 (188 08881881 1188318, 1181188181 188 181818 38-
188181) 8118111 18811118 811818 obtinere 881811 8 8818 8818838888 881 etiem 111888888-

818, 8188 uterentur (1888118118) 11881 18 81118 888118 8888881188 1181881881881181181, ,

1111 8118111 111 elne 1181188, 811 88888111

 

