((1

1111111 (1((1 margerlomneho Ρ1111111111111 (111
= 111111111111 nmelalaten.

(von Ι. 1111111.)

un 111 11 (1111111111 (1111111111 1111111111111111 1111111111(
(111111, 1111 (11(111111111111111 1111111111111111111111 8111111111(

” zur Entseboidung (111 [11111111111111 1111111111(111111111111111111
1111111111( 111111. 111111111111( 1111111111 (111 1111111111 (11111
don 11111111,1(1(11(11(1 8111111111( (11111111111111111 1111111111,
(1111111111111111111111111111, wonn 11( (1111111 1111111111(
11111 man (11111111111111 11111111 (1111, 1111 1111( 1111111111111
1111111113 (11( 1111111111 1111111111, 11 ihrer von 11111 111111111-
1111111111, 1111( und 11111( 11111111 1111111111 1171111, 111111111111111
in (111 (1111111111 11113111111111, 11111311 11111111 11111 (1111,
(1111 11111111111111 11111 (11((1111111111 (11111111 1111111 1111,
(111 1111 11( 11111111( gesorgt 1111 durch jem Constituirung (1111
11111Ιί1111 1111111111.

1111111111111111111111111111(111111, 11 (11111111 vor 111 1111111111-
11111111( 111111111111111, 1111111 11111111111111 1171111 1111311111 pro-
1 111111111111 1111111111 (11111111 sind. 11111111111111111111111111,
(1111 111 11111111( 1111111111 1111 11111 (11111111, man 111 11111 (111 111111-
1113111111( (111111, (111111, (11111111111111111 11111111111111111 (111111
111(1111(1111111111,111 01111111 in [1111111111111111 11181111111111111-
1111111111 zu umgobon, 1111111111 (1111( (111 111111 11111, 1111111 (111111
(11((11111111111 8111( 111, 1111111( (11111 11111111 111 11111111111111111
gownhrt 111111. 1111111111 111 11 nicht 11 11111111 1111111, (1111 (1111111-
111111 11111111 etwas Listiges 1111. 1111111111111( 111111111311111(
verlnngen¹ (111 1111111111 1111111111 zu 1111,1 111111111111111111111

y 11111111 ist, (1111 in 111111111111111 11131131111111111111111111Ιί111(

(ο vio 11 1111 oin Widersprunh 11 111111111111111111111111111111-

111111111111111111111111111111111111111111 111, vor den 1111111111(-ν

111111, (11111111 1111111111( 1111111111, (1111111111111111.
8111111111111111 1111 (1 1111 einzig 1111111111 (111111111111,

Ι · (1111111111111111111111111111111118111111111111,1111111111011-

1111111113 des 3111111111181111111111111 11111111111111111111, 1111111-
1111131111111111, 1111 welche 11111111111111111 111111111111111 ge-
11111 werden 1111, 11111111 zu 11111. 111111 (1111 311111 1111 (1111
111 und wieder 111111111111111111111111111, 111 11111 und 111111(
11111 den jetzigen 11111111111111111 (111 vor (111( 1111111111( 811117
3111111 ,1111111111 (11111111 werdon, 111111 (1111111111 gemacht
1111111, dass (111 (1311111111 1111111111( 1111111- 111 1111111111

 

