131

zum ’11111 111 ’1111111111 111 1111111 111111, 111111 11111111 111111
· 1811111 18111111 revolutioniron Bovegungen 11 Europa 1111 11111111»
111111 1111111 1111113 1111111111. 8111111111111111111111 111111111111
11111 0111111111, 111 1111111111 11111111 1111 2111111111 11111· 111111-
1111111111 111111111, 1111 ’111111 111111, 1111111111 gahamon 11-
11111111 111 hohen ventatur 111 11111111 111111111111111111 ventem,
„die Bermiung 111 111111 11111, 1111111111111111111111111111 111
»1111111111111111111111111).Ι „Umor 8111111, 111111 11 1111111111-
11111111, 111111 11111111 111 111 111111111111111111111111,’1Ι1111-

, 11111111 111“Κ1111111111111 111 1111111111 111 111111 1111111111

(11111111111111 111, 1111 111 11111111 111111 111 111 1111111 Rom,

¹ 11111111 1111111111111111111111 1111111111). 1111 111111111111111-

11131111 111111 1111111111111 11111 1111111111, 111 111 11111 m
. 11111111,11111111131111111(111111111111, 1111111111111111111 111 -
81111111 11 111 111111 1111 (11111111,,,11111111111, mit 11111. 1111111·
111111111111111111 werden, 1111 11 1111111 galanga, 111111 111111Ιί1111
1111111111 1111111111181111, ’11111 11111 1111111311, 111 111 1111
11111 111111111111 1111111111 „Aut 11111 111111, 1131 111 1111111111,
worden wir 11111111 111 1111111113 1111111111 11111111,Ὶ 111 11111111
111 111111111111111 1111111 1111111111 1111111 111· 111111 11111111
111 1111111111 Golden. 111111 1111111111111111 11111 wir 111111, 111
1111111111 111111111111111, 111 111-11111 11111 1111111 111111 111,
111111 11111111111111 Enni& 1111 8111111111, 11111111 1111111 111111
1111111111 11111111. 1111 11111 1111111111111111111111111113111
Petri ’111 1111111111111 ’111111 111111 finger 111 1111111111 [nu-sug
mehr worth 111 1111 Urbane und 111181.“111111111111011111111111“....

„Um 111 1111111111, wie 111 1111 11111111,111111 11 1111111111,
11111111 111 111111 11111111, 1111111 11111111 111 11111111, 111
1111 1111 11111111, 11111111 111111111111111111111. 11111111181111
1111111111 111 111 31111111 11111111 vendet 1111 11 1111111111 111
11111 11 1111 1111, 11 111 1111111. 1111111111111 1111111111111131111111
oder 111 11111111111111 ,11111111 ’1111111 11111 1111111111. mmet
Ι 11111111 111111111111111111, 1111 ’111 1111111 1111 1181111111111
111111 111111111111111111111 11111 man 1111 111 1111111111 111 811111
111111111111111111111111. Um 111118111111111111111111 11 1111111
11 1118111111111111111111111, um 11111 111111111111111 11 11111111 111
1111111111 Hercle„ 111111 1111111 11111111 11111111 11111 1111111111
“ . 111111111111. 111 1111111 111111111311111111111111111111311111111.

11 111 (1111111111, 1111111111111111111, 111111111111111, 1111 111

¹) 011111111-1111 ιι. 1. 11. 11. 82.
⁸) 1111111111-11111. 1. 0. s. 81.

 

