4⁰0

nie 1169666661666116661 1166 molunt& 1611 velem ι(161611 m&-
166611166166 0666666666 (166 1661666661 666666661666 66666611, und
16 (116666 von 6616161166 1616666666 ,66666166 und 6661666666 61611, ao
16616661161166 1116 (116 samm und 61111161661616666666661666116166-
thanen 6016661661, mogon 666666 Τ666666161666666666611661611666
1166611 61666 66666 1616666663 66161666. 1166661661, (1611661666- und
(166 161 (166 1166166 66666616 1166661 - (16666 (116 1661, dm 616 gn&
16661666661166116616611661666 1116666 6166 6666666666 Vol& 6616 616
16661666616666 6666666166 11666616666666 mit 166666 6616611666
[1666636666661666666661166661166161116111· .

11661116166661616616 17. December 1859 6666666616 166666, dms
vor (166 1661116ᾱὶ6666 (166 1161166, ,11616661 16616616116161166166616666-
661166 66666166 was 666 6611. 1)66116616616616(6. 166666 18611) 16 61166
11166666 (166 166166161661166 66666666 666616

66 6666 (116 166616666666 6616 2616611869 61611166666566616
666 (6666611 166 666 6166666666 61661 66166666 stand) 6666 alu 61661
11666 1116666 16116666 6666616161.

ἒ 1166, 11116616061161666 ordinarint ging 1(1666 66116 -’11616(166 116-
11161θί611 1(161· (1611116166 11111166 an (166 1611663 (1666616666. ,· Dutch 166-
6616665 vom 12. 1661166 1860 1)66616116(1616 (11666 11666666 (16616116661161
(166- 161616666666661666311 und 66666616 (116 1116116166, 661666 6666 der
(1666661166 166166 collatur wardon, 61166 der 1666666666 (166116666-
’6666666 (1616616666.- „Aut 666 (16666 (166 Art 11. 1166 3666 066-
6661166 und 16611 (16611 (6666 6661166166), ,666 (1616 6611. 816616 6616611166
6666666666 16116666166 und 1161666666116611666 (166 1666166661 (116 -

„Verordnting 11666 (116666611663 (166 16616661-116666666611 vom 11616-
6666 18611 ²) und 6666616 1116 666666666666 6666161166666 6661666661666

, 11666,,(166166166666666(1666616166666(1661661611611666,,Α666166616116“

ι666 1111661116666 Κ66616666 -

Die 11111166 (166 0666611166 61666166, 66116666 (11666 (16666 (116 1166166
, 16 (116 (1666166166 6661661666 der (1666661166 6661661 66116,,“61661666
6616661666 1611661166νο666116. Die Opposition 66116 6166, 6166166666
66166 661666666611116616611 gagen (116 1116666 und (166 1116666 666666-
61666666 1661616166 61166 66616, 6611 116616 November-¹859 - ,‚orgnnioir&‘·
616 (116 6661166166 66666666116666166666666666666616666, 666666 61666
(116666 11111166 66666 616 61166166666666166 66666 (166 6116161661666 666,

’ weil daubo ’(1616 16116666 der 0666661166 616666 661666666616666666-

66666 6666666· 666 ,6666 gome-ff 666 666 6. 66666.
1666611666 gagen (116 161661. 116666, 1666 1661666666, (116 ,,116166166166666661111
1 ,1)1166616611611 1116 616 1666166666 16616666 18611 116. 1.

1) 6666616611 lm 6616166666 &tir 116. Eu& 111116. 16110 Nn&

 

