, 111

’ m 111 1111 1 11111 a« 11111111 mm ,111 .

11111 1111111111. Dor ’11111 1111111111 „von 111111· (1111111111
111 1111111111 111111111111111111, 111 111111 1111111111 111111111
11111 1111 1111111 11111111) 111111 mr 111 111111 [1111111113 111,
Ι „aas 11 1111111111,- 111 111 111 11111111 111111111111 1111111111
11111 mammingon 111111111111 111 111 1111111111 1111111111 11
1111111111, 111111 111 111 11111 11111ςί11 111311111111111111111111111κ
11111111111113111111, „dm 1111 1111111111, 11111111111111111
111111 111 1111111111111 1111111111111 1111111111, 11111111111111111111-
1111111111 111 11111111 1111111 11111111, 111 1111 1111111111111111111

111Η11ι11 1111111111 1111111111111111 1111111111, 111111111111111 ’

1111111111· 11111111Ιὶ11111 111111 1111111111111111111ι11111111111
111 111 (1111111111 zu 1111111111111 11111· 11111111 111 1111111 11111-
μ11111111111π1111111111 111111 111 11111111 11111 1111111111 .
111· sein 11111, 1111 111111111111111111111111,1111 11111 111 11-

11111111111111 1111111111 111 1111111111 1111111 11111311, 111 111 .

111 111111 1111 111111, 1111 1111 nur 11111111111111111111111111
111-111111111111111111 1111111111, tndem 11111111111111111111111,
111 1111111111111111111, 111 1111111 111 0111111111 111 1111111111
111 11111111, 1111 111 111 111 Vollmaobttrflger 111 1111111111 1111111111
1111111, 11111111111111111111113111111 111 1111111111 1111111111
1111111 11 11111111, 1111111 111111111,·1111111 1111111111 1111, 11
1111111111 1111111111111111, in 111 ’1111 111111 1111111 0111-
11111 1111, 111 1111111111, 111111111111111111111111111, weil
11 ihm 111111 1111· 1111 1111111 11111111, 111 1111111111 111 111
1111111111 wei-hott 11111, 1111111 11111, mser 1111111111111111111
01111111, 111 11111 111 1111111111111, 111 Wort dos'Lobenn. 1111111111
1111 1111111111 «1111 1111111111111111 1111111111 11111 1111111 111

ciangas 111111111111111111111111111111, 111111 111111 11111 11111111 , -

1111111111 111 111· 111111 111 Bauer 111, 1111111111, ’1111 1111111111·
11 111 1111111111 1111111111111111111111111111111111, welche
111· 11111111 11111111 111 111111111 «11111111 1111 111111 1111111111-
1111, 1111111 christun mr 111 111 11111111111111111111131111111

’111 111111 8111111111111111111, 1111111 111111111111111 1111111 111111-
11 aar 1111 nna 11 1111111111 11 11111111, aur 11
christus 111 1111111111, 1111111111 1111111 111111 1111111111, 1111111111
111 111111111111111111 111 1111111111 eines 1111111111111 11111111
111 1111111111 1111131, 1111 111 11101111111111 111 1111111 ihrer
1111111 111 111 111 11111111 111 1111111111 (1111111111 1111111111,

1)1111111811[11. 1111111111111111111111Ᾱ. vl. p. 118. e. 1. noyer,
111111-111111.111111 ιι.111111111111111111111111111, 1111111. 111 11111221,

 

