1 wahren.

111

mur ⁸¹¹⁸ (11111 »11111111 1111111 11 fletu [⁸1¹8le 1111111 111

(1111111111 11 1111111111. ·“

x ,111 111 1111111 111111 1111111111 1111111, 111 dmm
11111111 vexatam vom 1. 1111111111 v 1.. 1111111111 1111111111
Bulla 1111 111 11 11111 amomum Vminbmng 11111111 1111. 111111

111128 11111.1.11111111,1111 111111111111111· 1111111111 uu 1111111

111111111υά11 1111111· 0111111111 111111 11 1111111·

0111111111 11111 111 1113111111 111 11111, 1111’1111,11111,χ111
1111111111111111111111 111, 11111111 111 mma
111· 1111, 11 1111 tho 11111 1111111111 1111. 11111 1111111 gar 11111
1111111111111111 11 111 (1111111111 1111111111, 1111111111 111 111-
1111111 gemina 1. 117 1111. U. 11 111111 111111 11111, 11 11111 Be·
11111111 1131111111 1111111 sen. 011 11111111111111111111121.
11110. 11111 181011 111111111111111. 111 worda 1111111111 111
1111111111 vm, 111 111111 11111111111111111111 111, 11111
1111111 ln 1111111 11111 11111111 1111110111 111 1111111111
111111 11111 111 1111111111 vom 31 11111 1800 11 111 1111 1111111111
1111111111111 1.) ,

*ιι-*ιι

¹) 1111 Schmun 111111111111111

„ner 1111111111 des 11111111111111111 ministerium 111 11111111 1111111111οέ 1111111.
lem Amol-stim ·’ ·

111 11111111 h 111 111111 11111111111111111 111 11111111, 1111111 111111111-
11111- -111111111111 11 der 11111111111111111111 dor 11 11111111 111 111111·
1111111111 iiber 111 11111111 1111111111 111111 anonumum 1111111111 go-
111111 11111811 werden 111111 1111111111111111111111.1111111111111111111
wiehtlgen Gegensm'xd 111111 wie 111 111111111111 1111111111111 1111111111,
die 0111111111, 311111 der 11111111111111111111111111 11111111113111 11111
31111111111111 1111111111 111111111111111111 1111111, zum vollzug 11 brugen
⁴ 111 11 11111111111111111 1111 1111111111111111111111111111, 111 1111111·
11111111111111111111111111, 111111 aber 111 1111111111 Mltvlrknng 11111-
1111111 111, 111 Genetzesentwiirfe 111 1111111 zurflerathung und 1111111111-
zulegen. sle 11111 1111111111 11111111111111 111111111111111111 1111111111

Die 1111111111 1111111 11111 1111111 11111111, was 111 1111111111111111
1111111 1111111111 11111111, 1111 andern (1111111111111111111111 1111111111 11
1111111111 111111111111111111 1111111111 1111111111111111111111111. · ’

Eu 11111 111 11111111 1111111111, 111 oh 111111111111111111111111111111111
111111111111 sich geindert 111111 111111 1111111111, 111011111111111111
111111, 1111111111 11111111 wire Sic, 1111 fleu, 111111 monor 1111111111
auf 111 1111111111111 111111111111

111111111111111111 1111111111 1111111111, 111 11111 11111 um 11,

· 11111111111 1111111111 1111111111, 1111111111111111111111 mr 111 11111

1111111111111111 mommsen 111 11 du 1111111111 1111111 1111111 do 01-
111111 zur Anwndung 1111111.

 

