17

3. 111 111111111111111 1111111111 (11111 zu mximum, ¹) 111·
1111111 111 111111111111 111 roe infeudari 1111. 111111111111111 1111111,
111111 Τ111111 4)

1111 14111111111111, 1111111 11111 1111111111 (1111 1111111111,
1111 111111111 0111111111 9-12 11111, 11111114) ·

5111 111111111111111111111111111 (1111111111 111 11111111, 4)

1111 11111111111111 1111111111111111 1111 111111111 1111111111
1111117111 4)

1111111111111 111 1111111111 111111111 11111111, 4)

8. 111 1111111111 111 1111111114)

9. zum augensoheinliohen 11111111 111 1111111144)

101111111111 und 111111111111111111 (11 1111111 141111 111 du
111111111 1111111111111 11111114)

11. 11111111 1111111111 1411111, 11 11111111 1111111111111111111·
mung 11111 111111 111111111 1111111 1111. ¹⁰)

11110111111111 1111111111 01111111 111 1111 augustaliter 111111

cognitio 1111 111 11111111111111111111111 11111 alienationis 111111111.
1111 111111 1111111 111 11111 1111111111 111 Ν111111111111111, (1111111111

11111 1111111111111111111 111 11111111 und 1111111111111 1111 Wou- 1

11111111111111111 1111111111. 44) 1111 1111111111 111 111111 11111111 1111
111 1111111111111 (111111111 1111111111111 111., 1411111, 1111111) 11111·
111111. 11111111111. 11111111 111111111 111111111111111 1111111111111·
11111141111111111111111111111111011111111 (1111. 11111111) 11111 11

111111 1111111111111 [1111111111 11111111111111111111,11111111111 1111-
11111,11111111111111111.44)

-ffl--n--n

⁴) 0. ’11. 1.1.111. 13.

4) 0. 11. extrav. 111111. 1.1 111. 4.

4) 0111.8111.,11111111111111 111. 11173 0111. 1111. 1111. 21 1. 11 11111. 1111
111 111111111111111111 1111111111111111111111111, (111111111111 S. 112111. 1)

1111 1111 0111111111 1112011111 11111111, 111111 1111 111 111111 1111 11111-
1111111 0111111 1111111111 11111111.

, 4) 11111111 1. 1., 1. ,,11111111144 111 11111.

4) 11111111 11 111. 5. 11 11111. 1. 2. t 111111111111111. «111. 1111111. 111
21 n. 40:

4)11111111111111.1.1.11111111.1212.
4)120111
4)1.12.0.1111.12.

4)1111111111111.1.·.1 15 111. 111. 1. de donat. 11111111 1. 1. v. ,,111111144
111. 1. 1. 11.

44) 111111111. ,4111111111 111. lu, lv.

44) 1111111111111. 11. 1111111,11111111111111·8. 112.

44) 01. 11111111 11111111111111-1. 111111111. 1. ς. 121.

me Aramo rar 111. aaronem 11111 2

 

