· ’118

ξ1111ι,Ι 111 3111111111-8111111, 111 1111111111 Ammon 111 ,111
’ ,1111111111 Freiburg 311131, 11111131111111111 111 1111111111 1111111·
111 11111111 werden wird.“ [1111111111111 1111111111 1111 31311111
1111ιί11113 111 11111111111111 1111111 111 11111111 111111 1111111131 (1111
11111111, 111 111111111311111, 11111111 ,,1)11“ 11 ,11111111711111311

, vom 1111. 811111 11111111, 1111110111 ιἰι 1111111111111111111111181.Η.

dem 111111 (111 St. 11111111(1111111113113111111111110111111111
(111 nn 1111111111 dem 11ιί1111111111111113111111111111111111111
1111111111.“ 111 111111 1111111111 1111111111111111111111111111111131111,
11111111, 111111 111111111111311 1111113 111111111111111111. ’

v 011 aab. 01111311111111111111 111 7. 1111 18110 1111110111-
1111111111 ². Julian, 111 10311111, 1111 111 0111111111 ,111
1111111111 1111111111 11111111. 11111111111111 11111111111311,111 11111
11111111111111111111 vom 7. April 11111111111111111111 11111111 111
81111111111131111 11111 31111111, 111111111111111111111111111311 111
1111111 11111111 111111111111111). 01101111111111111111111 1111111111
111 Freiburg 3111311111 1111111ιί111 Freiburg, 11111111 111 1111111113
1111111 111 10. 1111 1860 1111111111113 11111111 an 111 1111111111
0111111111,1111111 1111 nn 11101111111111 1111111111111131111
1111111111 bei 01111113. 'Dione 1111111· ιι dem 1111111131111111111
111111 (11111111, 111 1111111 habe 11111 111 111 1111111011111 11111-
111111111 111121. April, ,ἱιι 0111111111 111 11111111 1111111111111
11111131 1111111113 seinos 0111111111 111 111111181111111111311111111
01111111111113111111111,“ 11 aber ιιι 1111111111 111 1111111311 111
,1111111111 ,1111111 11 111111 31111111 111111, 111 1131111111311
01111111111111111111111111 111111111111111 11 111111111111111111111111
111 31111111111111 311111111111111 1111111111 3131111111 1111 11111111,
1111 1111 so 111 111 81111111 111111311111111111 01111111111113111111
, 1111111113---1111111111131111111ι heruteu, 1111111111111111111
11111111111111111. Κ11111111111111111111111 [andem 111111. 1111
111111111113118111111 111 111111 111 1111111111 111 kiroh‹mgeschicbt-¹
1111111111 111 11111 11111 111 111 1111111111 1111111111, (1111 11111-
11111 11111 stimme 111111 gagen 1111111111111111111111011111-
1111111111 11111111 0111111111 1113111111 111111, 1111111111111111
111311111111131311111111111311111,1111111 111 0111111111 wie
111131111111 111 3111111111 Μ1111111 111 ihren 1111131111111111111111-
11131111111111111111111111111111111, denen 1111110111111111
auch 111Ρ11111ι1311111111111111ι 11131111 111111(

m

¹) 1111111111 11 1111111 0111111111111111111 iiber 111 Gesetzentwiir'fe 11111111.
1111. Nr. 101) 1111111111 kanuto, ,111 0111111111 111 durch ohige 1111111113 resp.
durch 1111111Α1111111111 ιιι 111 Ριοιοιι 111 111111111111111131311 111 011111·
1111111111 1111 11111111 1113111111, 111 1111111111 nicht 1111111111,

 

 

 

