” 111

18 aarum, (1111111111 111 1111111111 ’11111111 111 11111111
1111111111 11111. 1816. 1111111111. 1. 1112 11111111, 11111111,
1111111111111111111111

1111 11111 111111111110111 1111111111116111111111 11111 1111111
111111111111 werke. 11 11111 1111111111111 111 11181111111111
11111 1111111111 111 11111111111111 (1. 70), 1111 111 11111111111111 111
11111Τ1111 1111111111 1111111111111. 1. v

·.59 01111111111-111111 1111111 111111111111111111111111 11
11111111 111. 011111, 111111111111 11111111111111111111 11111111
11’ ’1111111111 11 1111111111 1111111101 1111111111.- [1111 1111111111
1810111 1111. 118. ·

61. 1111111111 11 1111111111 11 1111111111111 11 11111 1111.
’111111111111111111111111111111111111.1818.8

· 111 1111 111111111111011111111111. 11111111. 111. 11111111 111
11111 1111-111111111111111 111 1111111111 111111. ’

11. 1111111, Ernst 1111111011 1111111111 (1111111111 &baumburg
11 1111111111111111111111111111.1111111113,1111111 1818, 181. 8.

62111111 Α111111111., 011111111111, 1111111111111 5111111111
(11111111111111111111 1111111111011111111111111111,1111 1111111111
11111111Βά11 1111111111 [1111111111 Β1111ι11111111.111111111111
Anhang 11111111111111 11111· 11111 111 011111111111111111, 11111111
11111111111111111111111111311111· 1111111111 Amtsvemltung 111-
1111111, 11111111 1111111111.11111111111.8.(111111111111111111111111-
113111111111111, 11111 1858 1111 111 600 1. 1111 1 ’111 gr· ..0
(1111. 1511111131.) “

111111 11111191 111 0111111111 1111 11111111 1111111111.
11111111111111 111 1111 1111111111111111 1111111111111111111 111111
11111 01119 1111111111, Ρ111. 11111111111111,1111111111111011111 111
1111111818Χ1113271 8.

Dor Hmuugobor bringt 11111 11111 1111111 mit 1111111111 Ur·
1111111 1111 111 Ρ111111111111101111 111 Stant 1111111111, 111
8111111ιὶ111 111 Wallfalrtsort 1111 1111111111. ’

61. Neue 21111111 1111191111,11..,115 206, 207 1111111111 1111
1111111111 0111111111 iiber die flius 1111111111 111 11111111 111 ’111
1111111111εά1 Anthene 11111111111111 11111111 111 111 1111111111
cono, 111111111111 111111-11111111111.(11.1111 1111111111 .
wimer-ztg)

Dor 1111111111 1111111111 111 11111111111111 1111111111 1111
11111111 redet 3111111111 111 Wort. 011 111 11311111 11111 11111111
1111111 1111, 111111 111 11111 1111111111. 11111111 1111111111 11, 111
11111111 1112 111111111111111111, 111 1111111 11111111111111071101
1111111111 81111111 111 11111111. 1111111111Ι 1111111111111111

 

