881

10008000-11100001,0010001 110 (1000001100 010 renarrem 1110 80101
0011101 und 1000111131 vird. (Den 101011 10021101110111000010010030
werden 0010 10 folgenden 110010181003000100.) ,

Der 110110 war 00010030300100 0100 000111011010 100100011001100
100 8100 und 110 100001003110000 10010030 1013030100. 111000 011
10110310οη03 00 281001 1858 0000110010 ,,011010110 100100010011 ¹)
000010 10001 100 Breve 000 29. 1031001οο 1858 100 11100101 ron
10011003 000 1011003 01130110111. 810 0011111 1011010000300, «10010000-
1000 8001010100300 10010 100 10111010 1., 11, lv.-vffl: 1001. 001-
10110000 1100110 100 1110010 - 001 0100000 11000100 100 1103100003.
10 1001101010031301110100 800010101113100 (0001010 000 100110000-

1000031101εο (1000111010το 00003111 nunde, 101001 00 1001131101 100110-
100100 Krete 100001100.

„diesen 8101000300 1010011300 110 beiden 0001003 0011000001οη 110010
110 3101010 110011 1010010300, 010 100 10111010 100 013000110000000
(100000110011

An 100001100 11030- -28 10011858-00003110100110101.110-
0010101113ηο 0100 001000 31010110110 0113011010 11010 vom 28. 1001 11100 ’
110 8010301001οε 80011001010100 110010310010010010000000 1110010010
0000010000001010100, wne er nur 0001 300010100οω ,,80001000 011100
11031000031100000100000110 semer 1100 110 8000110003 100 80103-
01000 1οιΙ 3001001100 11001000000130000000100100, 001 1000 11000 001
110 8010100001εεῖοο 0100 30001000101111010 8000101 10100 00110. 11011101
00010 011 1100οι· 11010 100 110000Ρο301 11003000 1111 00 100 10101300
1001100101 000 Freiburg 11100 110 3001001100 Eheu 000 281101 1811
100 1103100003 01130110111 · -

10 01000 nm 281001 1858001ου 101. 1100001100 000 1100011010
300101101οο 8010011100 1101110 80100 11010000 100 cardinal von 11010001
100001100, seiron 80101 nn 100 Ηοοι0 11001100101011, 00010 00 1010100010

Ὗ 1) Der 30. 1103100003 000100 110 7 10111001 100 1000001100 10 italien. urtext
(1100010 0010008000110000300 0101 10· 101010. 8300010 01301000 01) 00110 1010100100,
000 den 1100 0110101831οη 00001000100110100001001300100 100 1101011301101110
,,,1101000300 001010 1000110000 8001100101 000 100110 003 10100031301110100 10-

010001100 werden 00110111000100. 10000 101000111010110011010, 0000011000801-
1030010001010301000100011011111101,800011000033000101.11

111000 1111110110 003 3000101 10001110 0110101Ιο 11010 1οι 3130810100 800 011-
’0101113100 1100110010 0. 11010001 1. 1. 101001 80010-110010 28.Ι 1001 1858. 1110 000
merem 000301001οο 110100 0101 10 110110000100, 110000 100 30. 8000110101113100
0003010010 110100 10 1001001οο 8300010013010001, 0011010010101010100000 ’
101100 1101100 0000100010 10010010 0003. 10000101001011010000100031013030101,
0100001110 10010010 8010000003 100 800000110οτοο 101100 contrahentur 00-
00111001 101

 

