iii

geniemendei· 8111111, 111111111111111 111 11111111111111, inei 1111
,1111 Migliehkeit 111 1111111111 111 111, Frende 1111 111111 111
1111111111 seinos 111111111111 111111 mugen 1111 Anienem 11111, 111
111111 Kampf 11111 1111111111 haben, 1111 zur Eini'iiunq 11111 11111111·-
111911111111111111111111111111111111111). 1111 111111 1111-
111111113 1111111 111 11111 Μ11111111111111111111111111111111111
3111111111 Kimpsos 1111 Endos 11111111111111111 1111111111 111 111111
1111111111 1111111111 1113111111, 1111 111 11111111 1111 11111111 1111
111111 11111111, 111111 111 111 1111111111 voli 1111 1111111111
111111 gromen Beispiele‚.su gleicier 1111111111 (111111111111
11111 111111 1111111 1111111111, 1111111 111 8111113111 111 111· 111
111111111111 1111111 1111111111 1111111111 3111111111 (1111111111 111
Lobpreisung 1111111, 111111111 111111 Heiligen 11 1111111111ἕ111111,
111 1111111151 01111 111 1111111 111111 1131111111. Ee 1111111 1111
11111 Η11111111111111111111 1111 11111111 31111111111111111 111111 11111
111111111111, 111111 Alton 11111111 11111111111111111·
Sointeg, 81111111 111 1111111111111111 111Η11113111111111111111111
111 (1111111111 111 1111111115 1111Ἠ11113111 3111111111, 1111 11 dienen
1111111111 Heiligen sciente ja 111 ι(1111111 111 ,11111111111111111 111
Erliisung durch 111111 01111111 111 111 Heiligung 11111 1111111111 1111
1111. (11111111 11 111 11 111111 Μ1111111111 1111 8111111111 11111111

1111111, 11111 11 111 1111111111111111111111 1111111111 1111111111
11111111111 1111111111 fulge. ·

’ 11111 in 111 111111 1111111111 1111111111111111 111111 111·
11111111 1111111111 111Η111131111111 1111111111, 11111111 111 1111111
11111111 111 1111111111, Hebung und Kriitigung 1111111111111111111111
111, io kann 1111 inderemus 111 1111111111 1111111111 111· Peste,

11111111 1111111111 111 11111 111 111111 111, 11 111 1111111111 111 11111111· ⁹

111111 1111111 111111111111111111111111111111111111 Libens 111111 ²)3
11111111 1111111111111118111, 1111 1111111111111111111 Heiligen-
11111 1111 11111 111111 11111111111111111111111 11111111 111111113111111
1111. Beim Sonntag waren, 1111 11111111111111311111111111111111
fiir 111 1111111111 111111 Raude, gleich 11 1111131 11111111111111111111
81111 111111 1111111111111 1111111111, wie 1111 11111 ’1111111111 11 11111

mn

ι) 111111111111111318111111111111111111 iem vollstindig 1111 1115111111111
11111111 111 1111111 111 1111111111 111 'rod ihtes grossen heiligen 1111111111
Ρ1111111111, eundern 11111 11 111 111111111111111111111111111111 (11.1115.)
111 lesen.

²) 1111 1111111 111 beiden 1111111111 1111 uni 81111 ier 1111111111 1111-
11111 auf 1111111111111111 11111111 11 1111111111 111 ioli 11111 1111 1111 1111111111

iiiiii, 111 11111 111111 1111 111 11111 1111 gotticum ningen.

 

