11 1111111 1111111 11111 1111111111 111111 11111111 1111111111
111111111111,1111111 11 11111 1111 111111111111111111111, 111111
1111111111111 1111111111111111111111111111111111 (111. 111 111. 1111-
11111111111 1111111. 21. 111. 1771.) 81111111111 1111111 1111111111
11111 11111 111111 11111111,11111111111111111111111111111 111
1111 1111111111 11 111111 11111111 111 11111111 11111, 111 111 1111111111
1111111111 11111111111 11111111111 11111111111 11111111111111111
111 111111111111 1111111111 111111 111111 1111111111. 1111 11 diesem
81111 111 111 congreg. 111111111111 11111111111111111 11111111111111-
111 (1111111111. 2⁷. 811111. 1817 11111111), 1111111111111111111-
1111111, 1111 1111111111 111111111 1111111111 1111 11111, 11111111111111
(111111 1111 111 1111111111 1111111111 11 111111. 81 111111 111 111111111
11111111 1111111, 1111 1111111111. 11111111111111111111111 11111111-
gennente 11111111, 111 11111111 111111 11111111 11111111 11 111111, 111
111 1111111111,111 11111111 Νο111111111111111 111 11111111111 1111111-
= 1111 111111111 111, 1111111111111111811111 1111111. (1111111111. 11
1111111111 11. 11111. 1813.) [11111111111111 111111111 111 11111
1111111111 11 1111111111, 11111 111111111, 111 111111111 11111 11111
111111 1111111111111111 1111111111 11111111, 111 ’1111111111111111111111
111 111 1111μὸ111111,111011111111111111111 111111. (11111. 11111111.
1111. 11.) 11111, 111111 11111111111111 11111 111011111111111111
-0111111 1111111111 1111111 1111111111 111111111111111111 11111 „1100
111111 1111111111111 11111111111111 1111111111 111111 11 111111111111
1111111111, 11 11 11ιξ 11111111 111111111111 111111111111111 1111111111-
11111,11111111,1111111111111111ι consequatur, ’1111 1111 1111111 111
11111111, 1111 111 11111 111111111111 in oblatione 1111 111111111111111
111111111 11111111, 111 11111111111111111 111 1111111111111111, 1111
111 11111111111111111111111. (Τ111111.11111111 S. (1111111111. 1111
17 111 11. 1111111. 1801.) - ·

w 11 11111111 171111 11111 111 1111111111 fiir 111 11111111 11-
fotam? 111111 ‘theologam 111 1111111111, 1111 1111 1111 111111111Πί1-
111111111111111111111 1111111111111, 111 1111111111 111 11111111
1111111 (1111111 1111111111 111111111111111111111111111, 1111 1111111
1111110111111111111111 111111111111111(1111111 aiodian 1111111- ,
1111111111 gans 111111 fur den 11111 111, (stactus 111-
amissimus.) 1111 1111111 1111111 11111111 11111111 8111111111 11-
111111,11111111111 11 11 111111 11111 1111111111 81111111111111
11111 8111111111 11. 11 1111111111 11111111111111,1111111111111 111-
dius 11111 11111 1111 111 1111111111111111111111111111111 111111111111
11111111 111111 11111111. nat 111 1111111111111111111111111111111-
1111111111111111111111111111111111 1111111111111111111,111 11
1111111111 1111111111 111, 111 1111111111111111111111111111111111

 

