23

11111111113111 11111111 11111 111111111111111113111 11111111 111-
1111111, 111 1111111 1111 111 1111111113 1111111, 11111 1111111113,
111111111111111111, 111111, 11111111 und 111111111131111111111111 111-
311131111111. 1111111311 11111 1111111 ιιι 1111111111 1111111111-
1113111 111 1111131 ru prufen. 1111 [11111111 111 1131111111 1111111
311111111 111111 111 ordinarint, 111 1111111311 11111 1111111111 111
11311113111111111111111111111, 111 11311111 11111111 111 1131111111
11111111111111 111. 1111 11111111 prust 11101111111111111111131111111
111111111111113, 1. 1. 11 111 111111111111111111111111111111111111111
11111111111113111131111111 111. 1111 1111111111111111111111 11111 111
11111111111, 1111111 1111111111113 31111111111 1113111111 1111111, 111 111131
111131111111, 1111111 ,111 11 11111111111111 mit 1111111111111111111111111
11111111.111111111,1111111 111 111111113111111111 von dor 1111111111
113111. ’

1111111 111 11111111113111 111 11111111311111111 111131111311-
111113 ,111 1111111111111111( 111111111111111).

1111 111111111111 111 13111111 11111111311111111 11111111 1111111111
” mit 111 hiernach 1111111111111 1111131 1111 111 ,111111111111111 11111131
11111111111111 11 1111111 111 (11111111, 1111111 111 1111111111 111
111111111111111111 111111 1111 ,1131111111 1111 Terminkulenderf‘ 1111111,1
11131111,1111111111111111311111111131111111, 111 111 neuen einige-
sordet 11111111,11111111 111111111111 3111111111 1111111111 11111 1111111- ’
1111111111111 Ver-luston 111 111111 wie 111 11111111 1111131111ιὲ
31111131 11111. Das liberal! ,11 111111 [1111111111 11113111111111 11111-
111111111 111·Ι 1111111111111111111 1111 111 1111111 11111111 1111111111
1111111111 11111111, 111111111111111111111111111111111, 11111111 1111 111111,

 

11111111 1111111113, 3111111111 111 1111 ,,1’11111111111’111“ 1131111111 vird. .

11. ’
Dee 111111ῐί1113 111 Pfrrndepensnnqem 111111111111111111111111111
1111111111εή ¹). (Ιιιί11111113111111).,

1111 Ρ1111111 (1111111111) 111 111 ron dem‘ competenter 11111-
1111111 011111 (Prodominus) 11111111 11111111 1111111111 ¹), jus 1111,
11111111131111111, 11111111 1111111111 111 111 1111111113 1111111 31111-

-.Μ-*-

¹) 5¹. ³ 111 Verel'nbnr. 1111111111111 1818.
)11111, 111 1111111 11 11 1111111111 111 1111111. 1111111, 1131111113 18111- 1812.

1111111111,ιι1111111111111111111111.11ιι 1110 Ρ11111111111111111111111111111. 11117111. ,
emm 11111 11111111 ,

ι)1.,11- 1ι.1111111..,11111.·.11111, 1111111111 aanor 1111 ι ’
1111111, p. 1. la. 11. 111. 11 ί, 11111111, prompta biblioth. 1111 rerba ,1111111111111 =

 

